"datenumber"	"yyyymmdd"
1	20020603
2	20020604
3	20020605
4	20020606
5	20020607
6	20020610
7	20020611
8	20020612
9	20020613
10	20020614
11	20020617
12	20020618
13	20020619
14	20020620
15	20020621
16	20020624
17	20020625
18	20020626
19	20020627
20	20020628
21	20020701
22	20020702
23	20020703
24	20020705
25	20020708
26	20020709
27	20020710
28	20020711
29	20020712
30	20020715
31	20020716
32	20020717
33	20020718
34	20020719
35	20020722
36	20020723
37	20020724
38	20020725
39	20020726
40	20020729
41	20020730
42	20020731
43	20020801
44	20020802
45	20020805
46	20020806
47	20020807
48	20020808
49	20020809
50	20020812
51	20020813
52	20020814
53	20020815
54	20020816
55	20020819
56	20020820
57	20020821
58	20020822
59	20020823
60	20020826
61	20020827
62	20020828
63	20020829
64	20020830
65	20020903
66	20020904
67	20020905
68	20020906
69	20020909
70	20020910
71	20020911
72	20020912
73	20020913
74	20020916
75	20020917
76	20020918
77	20020919
78	20020920
79	20020923
80	20020924
81	20020925
82	20020926
83	20020927
84	20020930
85	20021001
86	20021002
87	20021003
88	20021004
89	20021007
90	20021008
91	20021009
92	20021010
93	20021011
94	20021015
95	20021016
96	20021017
97	20021018
98	20021021
99	20021022
100	20021023
101	20021024
102	20021025
103	20021028
104	20021029
105	20021030
106	20021031
107	20021101
108	20021104
109	20021105
110	20021106
111	20021107
112	20021108
113	20021112
114	20021113
115	20021114
116	20021115
117	20021118
118	20021119
119	20021120
120	20021121
121	20021122
122	20021125
123	20021126
124	20021127
125	20021129
126	20021202
127	20021203
128	20021204
129	20021205
130	20021206
131	20021209
132	20021210
133	20021211
134	20021212
135	20021213
136	20021216
137	20021217
138	20021218
139	20021219
140	20021220
141	20021223
142	20021224
143	20021226
144	20021227
145	20021230
146	20021231
147	20030102
148	20030103
149	20030106
150	20030107
151	20030108
152	20030109
153	20030110
154	20030113
155	20030114
156	20030115
157	20030116
158	20030117
159	20030121
160	20030122
161	20030123
162	20030124
163	20030127
164	20030128
165	20030129
166	20030130
167	20030131
168	20030203
169	20030204
170	20030205
171	20030206
172	20030207
173	20030210
174	20030211
175	20030212
176	20030213
177	20030214
178	20030218
179	20030219
180	20030220
181	20030221
182	20030224
183	20030225
184	20030226
185	20030227
186	20030228
187	20030303
188	20030304
189	20030305
190	20030306
191	20030307
192	20030310
193	20030311
194	20030312
195	20030313
196	20030314
197	20030317
198	20030318
199	20030319
200	20030320
201	20030321
202	20030324
203	20030325
204	20030326
205	20030327
206	20030328
207	20030331
208	20030401
209	20030402
210	20030403
211	20030404
212	20030407
213	20030408
214	20030409
215	20030410
216	20030411
217	20030414
218	20030415
219	20030416
220	20030417
221	20030421
222	20030422
223	20030423
224	20030424
225	20030425
226	20030428
227	20030429
228	20030430
229	20030501
230	20030502
231	20030505
232	20030506
233	20030507
234	20030508
235	20030509
236	20030512
237	20030513
238	20030514
239	20030515
240	20030516
241	20030519
242	20030520
243	20030521
244	20030522
245	20030523
246	20030527
247	20030528
248	20030529
249	20030530
250	20030602
251	20030603
252	20030604
253	20030605
254	20030606
255	20030609
256	20030610
257	20030611
258	20030612
259	20030613
260	20030616
261	20030617
262	20030618
263	20030619
264	20030620
265	20030623
266	20030624
267	20030625
268	20030626
269	20030627
270	20030630
271	20030701
272	20030702
273	20030703
274	20030707
275	20030708
276	20030709
277	20030710
278	20030711
279	20030714
280	20030715
281	20030716
282	20030717
283	20030718
284	20030721
285	20030722
286	20030723
287	20030724
288	20030725
289	20030728
290	20030729
291	20030730
292	20030731
293	20030801
294	20030804
295	20030805
296	20030806
297	20030807
298	20030808
299	20030811
300	20030812
301	20030813
302	20030814
303	20030815
304	20030818
305	20030819
306	20030820
307	20030821
308	20030822
309	20030825
310	20030826
311	20030827
312	20030828
313	20030829
314	20030902
315	20030903
316	20030904
317	20030905
318	20030908
319	20030909
320	20030910
321	20030911
322	20030912
323	20030915
324	20030916
325	20030917
326	20030918
327	20030919
328	20030922
329	20030923
330	20030924
331	20030925
332	20030926
333	20030929
334	20030930
335	20031001
336	20031002
337	20031003
338	20031006
339	20031007
340	20031008
341	20031009
342	20031010
343	20031014
344	20031015
345	20031016
346	20031017
347	20031020
348	20031021
349	20031022
350	20031023
351	20031024
352	20031027
353	20031028
354	20031029
355	20031030
356	20031031
357	20031103
358	20031104
359	20031105
360	20031106
361	20031107
362	20031110
363	20031112
364	20031113
365	20031114
366	20031117
367	20031118
368	20031119
369	20031120
370	20031121
371	20031124
372	20031125
373	20031126
374	20031128
375	20031201
376	20031202
377	20031203
378	20031204
379	20031205
380	20031208
381	20031209
382	20031210
383	20031211
384	20031212
385	20031215
386	20031216
387	20031217
388	20031218
389	20031219
390	20031222
391	20031223
392	20031224
393	20031226
394	20031229
395	20031230
396	20031231
397	20040102
398	20040105
399	20040106
400	20040107
401	20040108
402	20040109
403	20040112
404	20040113
405	20040114
406	20040115
407	20040116
408	20040120
409	20040121
410	20040122
411	20040123
412	20040126
413	20040127
414	20040128
415	20040129
416	20040130
417	20040202
418	20040203
419	20040204
420	20040205
421	20040206
422	20040209
423	20040210
424	20040211
425	20040212
426	20040213
427	20040217
428	20040218
429	20040219
430	20040220
431	20040223
432	20040224
433	20040225
434	20040226
435	20040227
436	20040301
437	20040302
438	20040303
439	20040304
440	20040305
441	20040308
442	20040309
443	20040310
444	20040311
445	20040312
446	20040315
447	20040316
448	20040317
449	20040318
450	20040319
451	20040322
452	20040323
453	20040324
454	20040325
455	20040326
456	20040329
457	20040330
458	20040331
459	20040401
460	20040402
461	20040405
462	20040406
463	20040407
464	20040408
465	20040412
466	20040413
467	20040414
468	20040415
469	20040416
470	20040419
471	20040420
472	20040421
473	20040422
474	20040423
475	20040426
476	20040427
477	20040428
478	20040429
479	20040430
480	20040503
481	20040504
482	20040505
483	20040506
484	20040507
485	20040510
486	20040511
487	20040512
488	20040513
489	20040514
490	20040517
491	20040518
492	20040519
493	20040520
494	20040521
495	20040524
496	20040525
497	20040526
498	20040527
499	20040528
500	20040601
501	20040602
502	20040603
503	20040604
504	20040607
505	20040608
506	20040609
507	20040610
508	20040611
509	20040614
510	20040615
511	20040616
512	20040617
513	20040618
514	20040621
515	20040622
516	20040623
517	20040624
518	20040625
519	20040628
520	20040629
521	20040630
522	20040701
523	20040702
524	20040706
525	20040707
526	20040708
527	20040709
528	20040712
529	20040713
530	20040714
531	20040715
532	20040716
533	20040719
534	20040720
535	20040721
536	20040722
537	20040723
538	20040726
539	20040727
540	20040728
541	20040729
542	20040730
543	20040802
544	20040803
545	20040804
546	20040805
547	20040806
548	20040809
549	20040810
550	20040811
551	20040812
552	20040813
553	20040816
554	20040817
555	20040818
556	20040819
557	20040820
558	20040823
559	20040824
560	20040825
561	20040826
562	20040827
563	20040830
564	20040831
565	20040901
566	20040902
567	20040903
568	20040907
569	20040908
570	20040909
571	20040910
572	20040913
573	20040914
574	20040915
575	20040916
576	20040917
577	20040920
578	20040921
579	20040922
580	20040923
581	20040924
582	20040927
583	20040928
584	20040929
585	20040930
586	20041001
587	20041004
588	20041005
589	20041006
590	20041007
591	20041008
592	20041012
593	20041013
594	20041014
595	20041015
596	20041018
597	20041019
598	20041020
599	20041021
600	20041022
601	20041025
602	20041026
603	20041027
604	20041028
605	20041029
606	20041101
607	20041102
608	20041103
609	20041104
610	20041105
611	20041108
612	20041109
613	20041110
614	20041112
615	20041115
616	20041116
617	20041117
618	20041118
619	20041119
620	20041122
621	20041123
622	20041124
623	20041126
624	20041129
625	20041130
626	20041201
627	20041202
628	20041203
629	20041206
630	20041207
631	20041208
632	20041209
633	20041210
634	20041213
635	20041214
636	20041215
637	20041216
638	20041217
639	20041220
640	20041221
641	20041222
642	20041223
643	20041227
644	20041228
645	20041229
646	20041230
647	20041231
648	20050103
649	20050104
650	20050105
651	20050106
652	20050107
653	20050110
654	20050111
655	20050112
656	20050113
657	20050114
658	20050118
659	20050119
660	20050120
661	20050121
662	20050124
663	20050125
664	20050126
665	20050127
666	20050128
667	20050131
668	20050201
669	20050202
670	20050203
671	20050204
672	20050207
673	20050208
674	20050209
675	20050210
676	20050211
677	20050214
678	20050215
679	20050216
680	20050217
681	20050218
682	20050222
683	20050223
684	20050224
685	20050225
686	20050228
687	20050301
688	20050302
689	20050303
690	20050304
691	20050307
692	20050308
693	20050309
694	20050310
695	20050311
696	20050314
697	20050315
698	20050316
699	20050317
700	20050318
701	20050321
702	20050322
703	20050323
704	20050324
705	20050328
706	20050329
707	20050330
708	20050331
709	20050401
710	20050404
711	20050405
712	20050406
713	20050407
714	20050408
715	20050411
716	20050412
717	20050413
718	20050414
719	20050415
720	20050418
721	20050419
722	20050420
723	20050421
724	20050422
725	20050425
726	20050426
727	20050427
728	20050428
729	20050429
730	20050502
731	20050503
732	20050504
733	20050505
734	20050506
735	20050509
736	20050510
737	20050511
738	20050512
739	20050513
740	20050516
741	20050517
742	20050518
743	20050519
744	20050520
745	20050523
746	20050524
747	20050525
748	20050526
749	20050527
750	20050531
751	20050601
752	20050602
753	20050603
754	20050606
755	20050607
756	20050608
757	20050609
758	20050610
759	20050613
760	20050614
761	20050615
762	20050616
763	20050617
764	20050620
765	20050621
766	20050622
767	20050623
768	20050624
769	20050627
770	20050628
771	20050629
772	20050630
773	20050701
774	20050705
775	20050706
776	20050707
777	20050708
778	20050711
779	20050712
780	20050713
781	20050714
782	20050715
783	20050718
784	20050719
785	20050720
786	20050721
787	20050722
788	20050725
789	20050726
790	20050727
791	20050728
792	20050729
793	20050801
794	20050802
795	20050803
796	20050804
797	20050805
798	20050808
799	20050809
800	20050810
801	20050811
802	20050812
803	20050815
804	20050816
805	20050817
806	20050818
807	20050819
808	20050822
809	20050823
810	20050824
811	20050825
812	20050826
813	20050829
814	20050830
815	20050831
816	20050901
817	20050902
818	20050906
819	20050907
820	20050908
821	20050909
822	20050912
823	20050913
824	20050914
825	20050915
826	20050916
827	20050919
828	20050920
829	20050921
830	20050922
831	20050923
832	20050926
833	20050927
834	20050928
835	20050929
836	20050930
837	20051003
838	20051004
839	20051005
840	20051006
841	20051007
842	20051011
843	20051012
844	20051013
845	20051014
846	20051017
847	20051018
848	20051019
849	20051020
850	20051021
851	20051024
852	20051025
853	20051026
854	20051027
855	20051028
856	20051031
857	20051101
858	20051102
859	20051103
860	20051104
861	20051107
862	20051108
863	20051109
864	20051110
865	20051114
866	20051115
867	20051116
868	20051117
869	20051118
870	20051121
871	20051122
872	20051123
873	20051125
874	20051128
875	20051129
876	20051130
877	20051201
878	20051202
879	20051205
880	20051206
881	20051207
882	20051208
883	20051209
884	20051212
885	20051213
886	20051214
887	20051215
888	20051216
889	20051219
890	20051220
891	20051221
892	20051222
893	20051223
894	20051227
895	20051228
896	20051229
897	20051230
898	20060103
899	20060104
900	20060105
901	20060106
902	20060109
903	20060110
904	20060111
905	20060112
906	20060113
907	20060117
908	20060118
909	20060119
910	20060120
911	20060123
912	20060124
913	20060125
914	20060126
915	20060127
916	20060130
917	20060131
918	20060201
919	20060202
920	20060203
921	20060206
922	20060207
923	20060208
924	20060209
925	20060210
926	20060213
927	20060214
928	20060215
929	20060216
930	20060217
931	20060221
932	20060222
933	20060223
934	20060224
935	20060227
936	20060228
937	20060301
938	20060302
939	20060303
940	20060306
941	20060307
942	20060308
943	20060309
944	20060310
945	20060313
946	20060314
947	20060315
948	20060316
949	20060317
950	20060320
951	20060321
952	20060322
953	20060323
954	20060324
955	20060327
956	20060328
957	20060329
958	20060330
959	20060331
960	20060403
961	20060404
962	20060405
963	20060406
964	20060407
965	20060410
966	20060411
967	20060412
968	20060413
969	20060417
970	20060418
971	20060419
972	20060420
973	20060421
974	20060424
975	20060425
976	20060426
977	20060427
978	20060428
979	20060501
980	20060502
981	20060503
982	20060504
983	20060505
984	20060508
985	20060509
986	20060510
987	20060511
988	20060512
989	20060515
990	20060516
991	20060517
992	20060518
993	20060519
994	20060522
995	20060523
996	20060524
997	20060525
998	20060526
999	20060530
1000	20060531
1001	20060601
1002	20060602
1003	20060605
1004	20060606
1005	20060607
1006	20060608
1007	20060609
1008	20060612
1009	20060613
1010	20060614
1011	20060615
1012	20060616
1013	20060619
1014	20060620
1015	20060621
1016	20060622
1017	20060623
1018	20060626
1019	20060627
1020	20060628
1021	20060629
1022	20060630
1023	20060703
1024	20060705
1025	20060706
1026	20060707
1027	20060710
1028	20060711
1029	20060712
1030	20060713
1031	20060714
1032	20060717
1033	20060718
1034	20060719
1035	20060720
1036	20060721
1037	20060724
1038	20060725
1039	20060726
1040	20060727
1041	20060728
1042	20060731
1043	20060801
1044	20060802
1045	20060803
1046	20060804
1047	20060807
1048	20060808
1049	20060809
1050	20060810
1051	20060811
1052	20060814
1053	20060815
1054	20060816
1055	20060817
1056	20060818
1057	20060821
1058	20060822
1059	20060823
1060	20060824
1061	20060825
1062	20060828
1063	20060829
1064	20060830
1065	20060831
1066	20060901
1067	20060905
1068	20060906
1069	20060907
1070	20060908
1071	20060911
1072	20060912
1073	20060913
1074	20060914
1075	20060915
1076	20060918
1077	20060919
1078	20060920
1079	20060921
1080	20060922
1081	20060925
1082	20060926
1083	20060927
1084	20060928
1085	20060929
1086	20061002
1087	20061003
1088	20061004
1089	20061005
1090	20061006
1091	20061010
1092	20061011
1093	20061012
1094	20061013
1095	20061016
1096	20061017
1097	20061018
1098	20061019
1099	20061020
1100	20061023
1101	20061024
1102	20061025
1103	20061026
1104	20061027
1105	20061030
1106	20061031
1107	20061101
1108	20061102
1109	20061103
1110	20061106
1111	20061107
1112	20061108
1113	20061109
1114	20061110
1115	20061113
1116	20061114
1117	20061115
1118	20061116
1119	20061117
1120	20061120
1121	20061121
1122	20061122
1123	20061124
1124	20061127
1125	20061128
1126	20061129
1127	20061130
1128	20061201
1129	20061204
1130	20061205
1131	20061206
1132	20061207
1133	20061208
1134	20061211
1135	20061212
1136	20061213
1137	20061214
1138	20061215
1139	20061218
1140	20061219
1141	20061220
1142	20061221
1143	20061222
1144	20061226
1145	20061227
1146	20061228
1147	20061229
1148	20070102
1149	20070103
1150	20070104
1151	20070105
1152	20070108
1153	20070109
1154	20070110
1155	20070111
1156	20070112
1157	20070116
1158	20070117
1159	20070118
1160	20070119
1161	20070122
1162	20070123
1163	20070124
1164	20070125
1165	20070126
1166	20070129
1167	20070130
1168	20070131
1169	20070201
1170	20070202
1171	20070205
1172	20070206
1173	20070207
1174	20070208
1175	20070209
1176	20070212
1177	20070213
1178	20070214
1179	20070215
1180	20070216
1181	20070220
1182	20070221
1183	20070222
1184	20070223
1185	20070226
1186	20070227
1187	20070228
1188	20070301
1189	20070302
1190	20070305
1191	20070306
1192	20070307
1193	20070308
1194	20070309
1195	20070312
1196	20070313
1197	20070314
1198	20070315
1199	20070316
1200	20070319
1201	20070320
1202	20070321
1203	20070322
1204	20070323
1205	20070326
1206	20070327
1207	20070328
1208	20070329
1209	20070330
1210	20070402
1211	20070403
1212	20070404
1213	20070405
1214	20070406
1215	20070409
1216	20070410
1217	20070411
1218	20070412
1219	20070413
1220	20070416
1221	20070417
1222	20070418
1223	20070419
1224	20070420
1225	20070423
1226	20070424
1227	20070425
1228	20070426
1229	20070427
1230	20070430
1231	20070501
1232	20070502
1233	20070503
1234	20070504
1235	20070507
1236	20070508
1237	20070509
1238	20070510
1239	20070511
1240	20070514
1241	20070515
1242	20070516
1243	20070517
1244	20070518
1245	20070521
1246	20070522
1247	20070523
1248	20070524
1249	20070525
1250	20070529
1251	20070530
1252	20070531
1253	20070601
1254	20070604
1255	20070605
1256	20070606
1257	20070607
1258	20070608
1259	20070611
1260	20070612
1261	20070613
1262	20070614
1263	20070615
1264	20070618
1265	20070619
1266	20070620
1267	20070621
1268	20070622
1269	20070625
1270	20070626
1271	20070627
1272	20070628
1273	20070629
1274	20070702
1275	20070703
1276	20070705
1277	20070706
1278	20070709
1279	20070710
1280	20070711
1281	20070712
1282	20070713
1283	20070716
1284	20070717
1285	20070718
1286	20070719
1287	20070720
1288	20070723
1289	20070724
1290	20070725
1291	20070726
1292	20070727
1293	20070730
1294	20070731
1295	20070801
1296	20070802
1297	20070803
1298	20070806
1299	20070807
1300	20070808
1301	20070809
1302	20070810
1303	20070813
1304	20070814
1305	20070815
1306	20070816
1307	20070817
1308	20070820
1309	20070821
1310	20070822
1311	20070823
1312	20070824
1313	20070827
1314	20070828
1315	20070829
1316	20070830
1317	20070831
1318	20070904
1319	20070905
1320	20070906
1321	20070907
1322	20070910
1323	20070911
1324	20070912
1325	20070913
1326	20070914
1327	20070917
1328	20070918
1329	20070919
1330	20070920
1331	20070921
1332	20070924
1333	20070925
1334	20070926
1335	20070927
1336	20070928
1337	20071001
1338	20071002
1339	20071003
1340	20071004
1341	20071005
1342	20071009
1343	20071010
1344	20071011
1345	20071012
1346	20071015
1347	20071016
1348	20071017
1349	20071018
1350	20071019
1351	20071022
1352	20071023
1353	20071024
1354	20071025
1355	20071026
1356	20071029
1357	20071030
1358	20071031
1359	20071101
1360	20071102
1361	20071105
1362	20071106
1363	20071107
1364	20071108
1365	20071109
1366	20071113
1367	20071114
1368	20071115
1369	20071116
1370	20071119
1371	20071120
1372	20071121
1373	20071123
1374	20071126
1375	20071127
1376	20071128
1377	20071129
1378	20071130
1379	20071203
1380	20071204
1381	20071205
1382	20071206
1383	20071207
1384	20071210
1385	20071211
1386	20071212
1387	20071213
1388	20071214
1389	20071217
1390	20071218
1391	20071219
1392	20071220
1393	20071221
1394	20071224
1395	20071226
1396	20071227
1397	20071228
1398	20071231
1399	20080102
1400	20080103
1401	20080104
1402	20080107
1403	20080108
1404	20080109
1405	20080110
1406	20080111
1407	20080114
1408	20080115
1409	20080116
1410	20080117
1411	20080118
1412	20080122
1413	20080123
1414	20080124
1415	20080125
1416	20080128
1417	20080129
1418	20080130
1419	20080131
1420	20080201
1421	20080204
1422	20080205
1423	20080206
1424	20080207
1425	20080208
1426	20080211
1427	20080212
1428	20080213
1429	20080214
1430	20080215
1431	20080219
1432	20080220
1433	20080221
1434	20080222
1435	20080225
1436	20080226
1437	20080227
1438	20080228
1439	20080229
1440	20080303
1441	20080304
1442	20080305
1443	20080306
1444	20080307
1445	20080310
1446	20080311
1447	20080312
1448	20080313
1449	20080314
1450	20080317
1451	20080318
1452	20080319
1453	20080320
1454	20080324
1455	20080325
1456	20080326
1457	20080327
1458	20080328
1459	20080331
1460	20080401
1461	20080402
1462	20080403
1463	20080404
1464	20080407
1465	20080408
1466	20080409
1467	20080410
1468	20080411
1469	20080414
1470	20080415
1471	20080416
1472	20080417
1473	20080418
1474	20080421
1475	20080422
1476	20080423
1477	20080424
1478	20080425
1479	20080428
1480	20080429
1481	20080430
1482	20080501
1483	20080502
1484	20080505
1485	20080506
1486	20080507
1487	20080508
1488	20080509
1489	20080512
1490	20080513
1491	20080514
1492	20080515
1493	20080516
1494	20080519
1495	20080520
1496	20080521
1497	20080522
1498	20080523
1499	20080527
1500	20080528
1501	20080529
1502	20080530
1503	20080602
1504	20080603
1505	20080604
1506	20080605
1507	20080606
1508	20080609
1509	20080610
1510	20080611
1511	20080612
1512	20080613
1513	20080616
1514	20080617
1515	20080618
1516	20080619
1517	20080620
1518	20080623
1519	20080624
1520	20080625
1521	20080626
1522	20080627
1523	20080630
1524	20080701
1525	20080702
1526	20080703
1527	20080707
1528	20080708
1529	20080709
1530	20080710
1531	20080711
1532	20080714
1533	20080715
1534	20080716
1535	20080717
1536	20080718
1537	20080721
1538	20080722
1539	20080723
1540	20080724
1541	20080725
1542	20080728
1543	20080729
1544	20080730
1545	20080731
1546	20080801
1547	20080804
1548	20080805
1549	20080806
1550	20080807
1551	20080808
1552	20080811
1553	20080812
1554	20080813
1555	20080814
1556	20080815
1557	20080818
1558	20080819
1559	20080820
1560	20080821
1561	20080822
1562	20080825
1563	20080826
1564	20080827
1565	20080828
1566	20080829
1567	20080902
1568	20080903
1569	20080904
1570	20080905
1571	20080908
1572	20080909
1573	20080910
1574	20080911
1575	20080912
1576	20080915
1577	20080916
1578	20080917
1579	20080918
1580	20080919
1581	20080922
1582	20080923
1583	20080924
1584	20080925
1585	20080926
1586	20080929
1587	20080930
1588	20081001
1589	20081002
1590	20081003
1591	20081006
1592	20081007
1593	20081008
1594	20081009
1595	20081010
1596	20081014
1597	20081015
1598	20081016
1599	20081017
1600	20081020
1601	20081021
1602	20081022
1603	20081023
1604	20081024
1605	20081027
1606	20081028
1607	20081029
1608	20081030
1609	20081031
1610	20081103
1611	20081104
1612	20081105
1613	20081106
1614	20081107
1615	20081110
1616	20081112
1617	20081113
1618	20081114
1619	20081117
1620	20081118
1621	20081119
1622	20081120
1623	20081121
1624	20081124
1625	20081125
1626	20081126
1627	20081128
1628	20081201
1629	20081202
1630	20081203
1631	20081204
1632	20081205
1633	20081208
1634	20081209
1635	20081210
1636	20081211
1637	20081212
1638	20081215
1639	20081216
1640	20081217
1641	20081218
1642	20081219
1643	20081222
1644	20081223
1645	20081224
1646	20081226
1647	20081229
1648	20081230
1649	20081231
1650	20090102
1651	20090105
1652	20090106
1653	20090107
1654	20090108
1655	20090109
1656	20090112
1657	20090113
1658	20090114
1659	20090115
1660	20090116
1661	20090120
1662	20090121
1663	20090122
1664	20090123
1665	20090126
1666	20090127
1667	20090128
1668	20090129
1669	20090130
1670	20090202
1671	20090203
1672	20090204
1673	20090205
1674	20090206
1675	20090209
1676	20090210
1677	20090211
1678	20090212
1679	20090213
1680	20090217
1681	20090218
1682	20090219
1683	20090220
1684	20090223
1685	20090224
1686	20090225
1687	20090226
1688	20090227
1689	20090302
1690	20090303
1691	20090304
1692	20090305
1693	20090306
1694	20090309
1695	20090310
1696	20090311
1697	20090312
1698	20090313
1699	20090316
1700	20090317
1701	20090318
1702	20090319
1703	20090320
1704	20090323
1705	20090324
1706	20090325
1707	20090326
1708	20090327
1709	20090330
1710	20090331
1711	20090401
1712	20090402
1713	20090403
1714	20090406
1715	20090407
1716	20090408
1717	20090409
1718	20090413
1719	20090414
1720	20090415
1721	20090416
1722	20090417
1723	20090420
1724	20090421
1725	20090422
1726	20090423
1727	20090424
1728	20090427
1729	20090428
1730	20090429
1731	20090430
1732	20090501
1733	20090504
1734	20090505
1735	20090506
1736	20090507
1737	20090508
1738	20090511
1739	20090512
1740	20090513
1741	20090514
1742	20090515
1743	20090518
1744	20090519
1745	20090520
1746	20090521
1747	20090522
1748	20090526
1749	20090527
1750	20090528
1751	20090529
1752	20090601
1753	20090602
1754	20090603
1755	20090604
1756	20090605
1757	20090608
1758	20090609
1759	20090610
1760	20090611
1761	20090612
1762	20090615
1763	20090616
1764	20090617
1765	20090618
1766	20090619
1767	20090622
1768	20090623
1769	20090624
1770	20090625
1771	20090626
1772	20090629
1773	20090630
1774	20090701
1775	20090702
1776	20090706
1777	20090707
1778	20090708
1779	20090709
1780	20090710
1781	20090713
1782	20090714
1783	20090715
1784	20090716
1785	20090717
1786	20090720
1787	20090721
1788	20090722
1789	20090723
1790	20090724
1791	20090727
1792	20090728
1793	20090729
1794	20090730
1795	20090731
1796	20090803
1797	20090804
1798	20090805
1799	20090806
1800	20090807
1801	20090810
1802	20090811
1803	20090812
1804	20090813
1805	20090814
1806	20090817
1807	20090818
1808	20090819
1809	20090820
1810	20090821
1811	20090824
1812	20090825
1813	20090826
1814	20090827
1815	20090828
1816	20090831
1817	20090901
1818	20090902
1819	20090903
1820	20090904
1821	20090908
1822	20090909
1823	20090910
1824	20090911
1825	20090914
1826	20090915
1827	20090916
1828	20090917
1829	20090918
1830	20090921
1831	20090922
1832	20090923
1833	20090924
1834	20090925
1835	20090928
1836	20090929
1837	20090930
1838	20091001
1839	20091002
1840	20091005
1841	20091006
1842	20091007
1843	20091008
1844	20091009
1845	20091013
1846	20091014
1847	20091015
1848	20091016
1849	20091019
1850	20091020
1851	20091021
1852	20091022
1853	20091023
1854	20091026
1855	20091027
1856	20091028
1857	20091029
1858	20091030
1859	20091102
1860	20091103
1861	20091104
1862	20091105
1863	20091106
1864	20091109
1865	20091110
1866	20091112
1867	20091113
1868	20091116
1869	20091117
1870	20091118
1871	20091119
1872	20091120
1873	20091123
1874	20091124
1875	20091125
1876	20091127
1877	20091130
1878	20091201
1879	20091202
1880	20091203
1881	20091204
1882	20091207
1883	20091208
1884	20091209
1885	20091210
1886	20091211
1887	20091214
1888	20091215
1889	20091216
1890	20091217
1891	20091218
1892	20091221
1893	20091222
1894	20091223
1895	20091224
1896	20091228
1897	20091229
1898	20091230
1899	20091231
1900	20100104
1901	20100105
1902	20100106
1903	20100107
1904	20100108
1905	20100111
1906	20100112
1907	20100113
1908	20100114
1909	20100115
1910	20100119
1911	20100120
1912	20100121
1913	20100122
1914	20100125
1915	20100126
1916	20100127
1917	20100128
1918	20100129
1919	20100201
1920	20100202
1921	20100203
1922	20100204
1923	20100205
1924	20100208
1925	20100209
1926	20100210
1927	20100211
1928	20100212
1929	20100216
1930	20100217
1931	20100218
1932	20100219
1933	20100222
1934	20100223
1935	20100224
1936	20100225
1937	20100226
1938	20100301
1939	20100302
1940	20100303
1941	20100304
1942	20100305
1943	20100308
1944	20100309
1945	20100310
1946	20100311
1947	20100312
1948	20100315
1949	20100316
1950	20100317
1951	20100318
1952	20100319
1953	20100322
1954	20100323
1955	20100324
1956	20100325
1957	20100326
1958	20100329
1959	20100330
1960	20100331
1961	20100401
1962	20100402
1963	20100405
1964	20100406
1965	20100407
1966	20100408
1967	20100409
1968	20100412
1969	20100413
1970	20100414
1971	20100415
1972	20100416
1973	20100419
1974	20100420
1975	20100421
1976	20100422
1977	20100423
1978	20100426
1979	20100427
1980	20100428
1981	20100429
1982	20100430
1983	20100503
1984	20100504
1985	20100505
1986	20100506
1987	20100507
1988	20100510
1989	20100511
1990	20100512
1991	20100513
1992	20100514
1993	20100517
1994	20100518
1995	20100519
1996	20100520
1997	20100521
1998	20100524
1999	20100525
2000	20100526
2001	20100527
2002	20100528
2003	20100601
2004	20100602
2005	20100603
2006	20100604
2007	20100607
2008	20100608
2009	20100609
2010	20100610
2011	20100611
2012	20100614
2013	20100615
2014	20100616
2015	20100617
2016	20100618
2017	20100621
2018	20100622
2019	20100623
2020	20100624
2021	20100625
2022	20100628
2023	20100629
2024	20100630
2025	20100701
2026	20100702
2027	20100706
2028	20100707
2029	20100708
2030	20100709
2031	20100712
2032	20100713
2033	20100714
2034	20100715
2035	20100716
2036	20100719
2037	20100720
2038	20100721
2039	20100722
2040	20100723
2041	20100726
2042	20100727
2043	20100728
2044	20100729
2045	20100730
2046	20100802
2047	20100803
2048	20100804
2049	20100805
2050	20100806
2051	20100809
2052	20100810
2053	20100811
2054	20100812
2055	20100813
2056	20100816
2057	20100817
2058	20100818
2059	20100819
2060	20100820
2061	20100823
2062	20100824
2063	20100825
2064	20100826
2065	20100827
2066	20100830
2067	20100831
2068	20100901
2069	20100902
2070	20100903
2071	20100907
2072	20100908
2073	20100909
2074	20100910
2075	20100913
2076	20100914
2077	20100915
2078	20100916
2079	20100917
2080	20100920
2081	20100921
2082	20100922
2083	20100923
2084	20100924
2085	20100927
2086	20100928
2087	20100929
2088	20100930
2089	20101001
2090	20101004
2091	20101005
2092	20101006
2093	20101007
2094	20101008
2095	20101012
2096	20101013
2097	20101014
2098	20101015
2099	20101018
2100	20101019
2101	20101020
2102	20101021
2103	20101022
2104	20101025
2105	20101026
2106	20101027
2107	20101028
2108	20101029
2109	20101101
2110	20101102
2111	20101103
2112	20101104
2113	20101105
2114	20101108
2115	20101109
2116	20101110
2117	20101112
2118	20101115
2119	20101116
2120	20101117
2121	20101118
2122	20101119
2123	20101122
2124	20101123
2125	20101124
2126	20101126
2127	20101129
2128	20101130
2129	20101201
2130	20101202
2131	20101203
2132	20101206
2133	20101207
2134	20101208
2135	20101209
2136	20101210
2137	20101213
2138	20101214
2139	20101215
2140	20101216
2141	20101217
2142	20101220
2143	20101221
2144	20101222
2145	20101223
2146	20101227
2147	20101228
2148	20101229
2149	20101230
2150	20101231
2151	20110103
2152	20110104
2153	20110105
2154	20110106
2155	20110107
2156	20110110
2157	20110111
2158	20110112
2159	20110113
2160	20110114
2161	20110118
2162	20110119
2163	20110120
2164	20110121
2165	20110124
2166	20110125
2167	20110126
2168	20110127
2169	20110128
2170	20110131
2171	20110201
2172	20110202
2173	20110203
2174	20110204
2175	20110207
2176	20110208
2177	20110209
2178	20110210
2179	20110211
2180	20110214
2181	20110215
2182	20110216
2183	20110217
2184	20110218
2185	20110222
2186	20110223
2187	20110224
2188	20110225
2189	20110228
2190	20110301
2191	20110302
2192	20110303
2193	20110304
2194	20110307
2195	20110308
2196	20110309
2197	20110310
2198	20110311
2199	20110314
2200	20110315
2201	20110316
2202	20110317
2203	20110318
2204	20110321
2205	20110322
2206	20110323
2207	20110324
2208	20110325
2209	20110328
2210	20110329
2211	20110330
2212	20110331
2213	20110401
2214	20110404
2215	20110405
2216	20110406
2217	20110407
2218	20110408
2219	20110411
2220	20110412
2221	20110413
2222	20110414
2223	20110415
2224	20110418
2225	20110419
2226	20110420
2227	20110421
2228	20110425
2229	20110426
2230	20110427
2231	20110428
2232	20110429
2233	20110502
2234	20110503
2235	20110504
2236	20110505
2237	20110506
2238	20110509
2239	20110510
2240	20110511
2241	20110512
2242	20110513
2243	20110516
2244	20110517
2245	20110518
2246	20110519
2247	20110520
2248	20110523
2249	20110524
2250	20110525
2251	20110526
2252	20110527
2253	20110531
2254	20110601
2255	20110602
2256	20110603
2257	20110606
2258	20110607
2259	20110608
2260	20110609
2261	20110610
2262	20110613
2263	20110614
2264	20110615
2265	20110616
2266	20110617
2267	20110620
2268	20110621
2269	20110622
2270	20110623
2271	20110624
2272	20110627
2273	20110628
2274	20110629
2275	20110630
2276	20110701
2277	20110705
2278	20110706
2279	20110707
2280	20110708
2281	20110711
2282	20110712
2283	20110713
2284	20110714
2285	20110715
2286	20110718
2287	20110719
2288	20110720
2289	20110721
2290	20110722
2291	20110725
2292	20110726
2293	20110727
2294	20110728
2295	20110729
2296	20110801
2297	20110802
2298	20110803
2299	20110804
2300	20110805
2301	20110808
2302	20110809
2303	20110810
2304	20110811
2305	20110812
2306	20110815
2307	20110816
2308	20110817
2309	20110818
2310	20110819
2311	20110822
2312	20110823
2313	20110824
2314	20110825
2315	20110826
2316	20110829
2317	20110830
2318	20110831
2319	20110901
2320	20110902
2321	20110906
2322	20110907
2323	20110908
2324	20110909
2325	20110912
2326	20110913
2327	20110914
2328	20110915
2329	20110916
2330	20110919
2331	20110920
2332	20110921
2333	20110922
2334	20110923
2335	20110926
2336	20110927
2337	20110928
2338	20110929
2339	20110930
2340	20111003
2341	20111004
2342	20111005
2343	20111006
2344	20111007
2345	20111011
2346	20111012
2347	20111013
2348	20111014
2349	20111017
2350	20111018
2351	20111019
2352	20111020
2353	20111021
2354	20111024
2355	20111025
2356	20111026
2357	20111027
2358	20111028
2359	20111031
2360	20111101
2361	20111102
2362	20111103
2363	20111104
2364	20111107
2365	20111108
2366	20111109
2367	20111110
2368	20111114
2369	20111115
2370	20111116
2371	20111117
2372	20111118
2373	20111121
2374	20111122
2375	20111123
2376	20111125
2377	20111128
2378	20111129
2379	20111130
2380	20111201
2381	20111202
2382	20111205
2383	20111206
2384	20111207
2385	20111208
2386	20111209
2387	20111212
2388	20111213
2389	20111214
2390	20111215
2391	20111216
2392	20111219
2393	20111220
2394	20111221
2395	20111222
2396	20111223
2397	20111227
2398	20111228
2399	20111229
2400	20111230
2401	20120103
2402	20120104
2403	20120105
2404	20120106
2405	20120109
2406	20120110
2407	20120111
2408	20120112
2409	20120113
2410	20120117
2411	20120118
2412	20120119
2413	20120120
2414	20120123
2415	20120124
2416	20120125
2417	20120126
2418	20120127
2419	20120130
2420	20120131
2421	20120201
2422	20120202
2423	20120203
2424	20120206
2425	20120207
2426	20120208
2427	20120209
2428	20120210
2429	20120213
2430	20120214
2431	20120215
2432	20120216
2433	20120217
2434	20120221
2435	20120222
2436	20120223
2437	20120224
2438	20120227
2439	20120228
2440	20120229
2441	20120301
2442	20120302
2443	20120305
2444	20120306
2445	20120307
2446	20120308
2447	20120309
2448	20120312
2449	20120313
2450	20120314
2451	20120315
2452	20120316
2453	20120319
2454	20120320
2455	20120321
2456	20120322
2457	20120323
2458	20120326
2459	20120327
2460	20120328
2461	20120329
2462	20120330
2463	20120402
2464	20120403
2465	20120404
2466	20120405
2467	20120406
2468	20120409
2469	20120410
2470	20120411
2471	20120412
2472	20120413
2473	20120416
2474	20120417
2475	20120418
2476	20120419
2477	20120420
2478	20120423
2479	20120424
2480	20120425
2481	20120426
2482	20120427
2483	20120430
2484	20120501
2485	20120502
2486	20120503
2487	20120504
2488	20120507
2489	20120508
2490	20120509
2491	20120510
2492	20120511
2493	20120514
2494	20120515
2495	20120516
2496	20120517
2497	20120518
2498	20120521
2499	20120522
2500	20120523
2501	20120524
2502	20120525
2503	20120529
2504	20120530
2505	20120531
2506	20120601
2507	20120604
2508	20120605
2509	20120606
2510	20120607
2511	20120608
2512	20120611
2513	20120612
2514	20120613
2515	20120614
2516	20120615
2517	20120618
2518	20120619
2519	20120620
2520	20120621
2521	20120622
2522	20120625
2523	20120626
2524	20120627
2525	20120628
2526	20120629
2527	20120702
2528	20120703
2529	20120705
2530	20120706
2531	20120709
2532	20120710
2533	20120711
2534	20120712
2535	20120713
2536	20120716
2537	20120717
2538	20120718
2539	20120719
2540	20120720
2541	20120723
2542	20120724
2543	20120725
2544	20120726
2545	20120727
2546	20120730
2547	20120731
2548	20120801
2549	20120802
2550	20120803
2551	20120806
2552	20120807
2553	20120808
2554	20120809
2555	20120810
2556	20120813
2557	20120814
2558	20120815
2559	20120816
2560	20120817
2561	20120820
2562	20120821
2563	20120822
2564	20120823
2565	20120824
2566	20120827
2567	20120828
2568	20120829
2569	20120830
2570	20120831
2571	20120904
2572	20120905
2573	20120906
2574	20120907
2575	20120910
2576	20120911
2577	20120912
2578	20120913
2579	20120914
2580	20120917
2581	20120918
2582	20120919
2583	20120920
2584	20120921
2585	20120924
2586	20120925
2587	20120926
2588	20120927
2589	20120928
2590	20121001
2591	20121002
2592	20121003
2593	20121004
2594	20121005
2595	20121009
2596	20121010
2597	20121011
2598	20121012
2599	20121015
2600	20121016
2601	20121017
2602	20121018
2603	20121019
2604	20121022
2605	20121023
2606	20121024
2607	20121025
2608	20121026
2609	20121029
2610	20121031
2611	20121101
2612	20121102
2613	20121105
2614	20121106
2615	20121107
2616	20121108
2617	20121109
2618	20121113
2619	20121114
2620	20121115
2621	20121116
2622	20121119
2623	20121120
2624	20121121
2625	20121123
2626	20121126
2627	20121127
2628	20121128
2629	20121129
2630	20121130
2631	20121203
2632	20121204
2633	20121205
2634	20121206
2635	20121207
2636	20121210
2637	20121211
2638	20121212
2639	20121213
2640	20121214
2641	20121217
2642	20121218
2643	20121219
2644	20121220
2645	20121221
2646	20121224
2647	20121226
2648	20121227
2649	20121228
2650	20121231
2651	20130102
2652	20130103
2653	20130104
2654	20130107
2655	20130108
2656	20130109
2657	20130110
2658	20130111
2659	20130114
2660	20130115
2661	20130116
2662	20130117
2663	20130118
2664	20130122
2665	20130123
2666	20130124
2667	20130125
2668	20130128
2669	20130129
2670	20130130
2671	20130131
2672	20130201
2673	20130204
2674	20130205
2675	20130206
2676	20130207
2677	20130208
2678	20130211
2679	20130212
2680	20130213
2681	20130214
2682	20130215
2683	20130219
2684	20130220
2685	20130221
2686	20130222
2687	20130225
2688	20130226
2689	20130227
2690	20130228
2691	20130301
2692	20130304
2693	20130305
2694	20130306
2695	20130307
2696	20130308
2697	20130311
2698	20130312
2699	20130313
2700	20130314
2701	20130315
2702	20130318
2703	20130319
2704	20130320
2705	20130321
2706	20130322
2707	20130325
2708	20130326
2709	20130327
2710	20130328
2711	20130401
2712	20130402
2713	20130403
2714	20130404
2715	20130405
2716	20130408
2717	20130409
2718	20130410
2719	20130411
2720	20130412
2721	20130415
2722	20130416
2723	20130417
2724	20130418
2725	20130419
2726	20130422
2727	20130423
2728	20130424
2729	20130425
2730	20130426
2731	20130429
2732	20130430
2733	20130501
2734	20130502
2735	20130503
2736	20130506
2737	20130507
2738	20130508
2739	20130509
2740	20130510
2741	20130513
2742	20130514
2743	20130515
2744	20130516
2745	20130517
2746	20130520
2747	20130521
2748	20130522
2749	20130523
2750	20130524
2751	20130528
2752	20130529
2753	20130530
2754	20130531
2755	20130603
2756	20130604
2757	20130605
2758	20130606
2759	20130607
2760	20130610
2761	20130611
2762	20130612
2763	20130613
2764	20130614
2765	20130617
2766	20130618
2767	20130619
2768	20130620
2769	20130621
2770	20130624
2771	20130625
2772	20130626
2773	20130627
2774	20130628
2775	20130701
2776	20130702
2777	20130703
2778	20130705
2779	20130708
2780	20130709
2781	20130710
2782	20130711
2783	20130712
2784	20130715
2785	20130716
2786	20130717
2787	20130718
2788	20130719
2789	20130722
2790	20130723
2791	20130724
2792	20130725
2793	20130726
2794	20130729
2795	20130730
2796	20130731
2797	20130801
2798	20130802
2799	20130805
2800	20130806
2801	20130807
2802	20130808
2803	20130809
2804	20130812
2805	20130813
2806	20130814
2807	20130815
2808	20130816
2809	20130819
2810	20130820
2811	20130821
2812	20130822
2813	20130823
2814	20130826
2815	20130827
2816	20130828
2817	20130829
2818	20130830
2819	20130903
2820	20130904
2821	20130905
2822	20130906
2823	20130909
2824	20130910
2825	20130911
2826	20130912
2827	20130913
2828	20130916
2829	20130917
2830	20130918
2831	20130919
2832	20130920
2833	20130923
2834	20130924
2835	20130925
2836	20130926
2837	20130927
2838	20130930
2839	20131001
2840	20131002
2841	20131003
2842	20131004
2843	20131007
2844	20131008
2845	20131009
2846	20131010
2847	20131011
2848	20131015
2849	20131016
2850	20131017
2851	20131018
2852	20131021
2853	20131022
2854	20131023
2855	20131024
2856	20131025
2857	20131028
2858	20131029
2859	20131030
2860	20131031
2861	20131101
2862	20131104
2863	20131105
2864	20131106
2865	20131107
2866	20131108
2867	20131112
2868	20131113
2869	20131114
2870	20131115
2871	20131118
2872	20131119
2873	20131120
2874	20131121
2875	20131122
2876	20131125
2877	20131126
2878	20131127
2879	20131129
2880	20131202
2881	20131203
2882	20131204
2883	20131205
2884	20131206
2885	20131209
2886	20131210
2887	20131211
2888	20131212
2889	20131213
2890	20131216
2891	20131217
2892	20131218
2893	20131219
2894	20131220
2895	20131223
2896	20131224
2897	20131226
2898	20131227
2899	20131230
2900	20131231
2901	20140102
2902	20140103
2903	20140106
2904	20140107
2905	20140108
2906	20140109
2907	20140110
2908	20140113
2909	20140114
2910	20140115
2911	20140116
2912	20140117
2913	20140121
2914	20140122
2915	20140123
2916	20140124
2917	20140127
2918	20140128
2919	20140129
2920	20140130
2921	20140131
2922	20140203
2923	20140204
2924	20140205
2925	20140206
2926	20140207
2927	20140210
2928	20140211
2929	20140212
2930	20140213
2931	20140214
2932	20140218
2933	20140219
2934	20140220
2935	20140221
2936	20140224
2937	20140225
2938	20140226
2939	20140227
2940	20140228
2941	20140303
2942	20140304
2943	20140305
2944	20140306
2945	20140307
2946	20140310
2947	20140311
2948	20140312
2949	20140313
2950	20140314
2951	20140317
2952	20140318
2953	20140319
2954	20140320
2955	20140321
2956	20140324
2957	20140325
2958	20140326
2959	20140327
2960	20140328
2961	20140331
2962	20140401
2963	20140402
2964	20140403
2965	20140404
2966	20140407
2967	20140408
2968	20140409
2969	20140410
2970	20140411
2971	20140414
2972	20140415
2973	20140416
2974	20140417
2975	20140421
2976	20140422
2977	20140423
2978	20140424
2979	20140425
2980	20140428
2981	20140429
2982	20140430
2983	20140501
2984	20140502
2985	20140505
2986	20140506
2987	20140507
2988	20140508
2989	20140509
2990	20140512
2991	20140513
2992	20140514
2993	20140515
2994	20140516
2995	20140519
2996	20140520
2997	20140521
2998	20140522
2999	20140523
3000	20140527
3001	20140528
3002	20140529
3003	20140530
3004	20140602
3005	20140603
3006	20140604
3007	20140605
3008	20140606
3009	20140609
3010	20140610
3011	20140611
3012	20140612
3013	20140613
3014	20140616
3015	20140617
3016	20140618
3017	20140619
3018	20140620
3019	20140623
3020	20140624
3021	20140625
3022	20140626
3023	20140627
3024	20140630
3025	20140701
3026	20140702
3027	20140703
3028	20140707
3029	20140708
3030	20140709
3031	20140710
3032	20140711
3033	20140714
3034	20140715
3035	20140716
3036	20140717
3037	20140718
3038	20140721
3039	20140722
3040	20140723
3041	20140724
3042	20140725
3043	20140728
3044	20140729
3045	20140730
3046	20140731
3047	20140801
3048	20140804
3049	20140805
3050	20140806
3051	20140807
3052	20140808
3053	20140811
3054	20140812
3055	20140813
3056	20140814
3057	20140815
3058	20140818
3059	20140819
3060	20140820
3061	20140821
3062	20140822
3063	20140825
3064	20140826
3065	20140827
3066	20140828
3067	20140829
3068	20140902
3069	20140903
3070	20140904
3071	20140905
3072	20140908
3073	20140909
3074	20140910
3075	20140911
3076	20140912
3077	20140915
3078	20140916
3079	20140917
3080	20140918
3081	20140919
3082	20140922
3083	20140923
3084	20140924
3085	20140925
3086	20140926
3087	20140929
3088	20140930
3089	20141001
3090	20141002
3091	20141003
3092	20141006
3093	20141007
3094	20141008
3095	20141009
3096	20141010
3097	20141014
3098	20141015
3099	20141016
3100	20141017
3101	20141020
3102	20141021
3103	20141022
3104	20141023
3105	20141024
3106	20141027
3107	20141028
3108	20141029
3109	20141030
3110	20141031
3111	20141103
3112	20141104
3113	20141105
3114	20141106
3115	20141107
3116	20141110
3117	20141112
3118	20141113
3119	20141114
3120	20141117
3121	20141118
3122	20141119
3123	20141120
3124	20141121
3125	20141124
3126	20141125
3127	20141126
3128	20141128
3129	20141201
3130	20141202
3131	20141203
3132	20141204
3133	20141205
3134	20141208
3135	20141209
3136	20141210
3137	20141211
3138	20141212
3139	20141215
3140	20141216
3141	20141217
3142	20141218
3143	20141219
3144	20141222
3145	20141223
3146	20141224
3147	20141226
3148	20141229
3149	20141230
3150	20141231
3151	20150102
3152	20150105
3153	20150106
3154	20150107
3155	20150108
3156	20150109
3157	20150112
3158	20150113
3159	20150114
3160	20150115
3161	20150116
3162	20150120
3163	20150121
3164	20150122
3165	20150123
3166	20150126
3167	20150127
3168	20150128
3169	20150129
3170	20150130
3171	20150202
3172	20150203
3173	20150204
3174	20150205
3175	20150206
3176	20150209
3177	20150210
3178	20150211
3179	20150212
3180	20150213
3181	20150217
3182	20150218
3183	20150219
3184	20150220
3185	20150223
3186	20150224
3187	20150225
3188	20150226
3189	20150227
3190	20150302
3191	20150303
3192	20150304
3193	20150305
3194	20150306
3195	20150309
3196	20150310
3197	20150311
3198	20150312
3199	20150313
3200	20150316
3201	20150317
3202	20150318
3203	20150319
3204	20150320
3205	20150323
3206	20150324
3207	20150325
3208	20150326
3209	20150327
3210	20150330
3211	20150331
3212	20150401
3213	20150402
3214	20150406
3215	20150407
3216	20150408
3217	20150409
3218	20150410
3219	20150413
3220	20150414
3221	20150415
3222	20150416
3223	20150417
3224	20150420
3225	20150421
3226	20150422
3227	20150423
3228	20150424
3229	20150427
3230	20150428
3231	20150429
3232	20150430
3233	20150501
3234	20150504
3235	20150505
3236	20150506
3237	20150507
3238	20150508
3239	20150511
3240	20150512
3241	20150513
3242	20150514
3243	20150515
3244	20150518
3245	20150519
3246	20150520
3247	20150521
3248	20150522
3249	20150526
3250	20150527
3251	20150528
3252	20150529
3253	20150601
3254	20150602
3255	20150603
3256	20150604
3257	20150605
3258	20150608
3259	20150609
3260	20150610
3261	20150611
3262	20150612
3263	20150615
3264	20150616
3265	20150617
3266	20150618
3267	20150619
3268	20150622
3269	20150623
3270	20150624
3271	20150625
3272	20150626
3273	20150629
3274	20150630
3275	20150701
3276	20150702
3277	20150706
3278	20150707
3279	20150708
3280	20150709
3281	20150710
3282	20150713
3283	20150714
3284	20150715
3285	20150716
3286	20150717
3287	20150720
3288	20150721
3289	20150722
3290	20150723
3291	20150724
3292	20150727
3293	20150728
3294	20150729
3295	20150730
3296	20150731
3297	20150803
3298	20150804
3299	20150805
3300	20150806
3301	20150807
3302	20150810
3303	20150811
3304	20150812
3305	20150813
3306	20150814
3307	20150817
3308	20150818
3309	20150819
3310	20150820
3311	20150821
3312	20150824
3313	20150825
3314	20150826
3315	20150827
3316	20150828
3317	20150831
3318	20150901
3319	20150902
3320	20150903
3321	20150904
3322	20150908
3323	20150909
3324	20150910
3325	20150911
3326	20150914
3327	20150915
3328	20150916
3329	20150917
3330	20150918
3331	20150921
3332	20150922
3333	20150923
3334	20150924
3335	20150925
3336	20150928
3337	20150929
3338	20150930
3339	20151001
3340	20151002
3341	20151005
3342	20151006
3343	20151007
3344	20151008
3345	20151009
3346	20151013
3347	20151014
3348	20151015
3349	20151016
3350	20151019
3351	20151020
3352	20151021
3353	20151022
3354	20151023
3355	20151026
3356	20151027
3357	20151028
3358	20151029
3359	20151030
3360	20151102
3361	20151103
3362	20151104
3363	20151105
3364	20151106
3365	20151109
3366	20151110
3367	20151112
3368	20151113
3369	20151116
3370	20151117
3371	20151118
3372	20151119
3373	20151120
3374	20151123
3375	20151124
3376	20151125
3377	20151127
3378	20151130
3379	20151201
3380	20151202
3381	20151203
3382	20151204
3383	20151207
3384	20151208
3385	20151209
3386	20151210
3387	20151211
3388	20151214
3389	20151215
3390	20151216
3391	20151217
3392	20151218
3393	20151221
3394	20151222
3395	20151223
3396	20151224
3397	20151228
3398	20151229
3399	20151230
3400	20151231
3401	20160104
3402	20160105
3403	20160106
3404	20160107
3405	20160108
3406	20160111
3407	20160112
3408	20160113
3409	20160114
3410	20160115
3411	20160119
3412	20160120
3413	20160121
3414	20160122
3415	20160125
3416	20160126
3417	20160127
3418	20160128
3419	20160129
3420	20160201
3421	20160202
3422	20160203
3423	20160204
3424	20160205
3425	20160208
3426	20160209
3427	20160210
3428	20160211
3429	20160212
3430	20160216
3431	20160217
3432	20160218
3433	20160219
3434	20160222
3435	20160223
3436	20160224
3437	20160225
3438	20160226
3439	20160229
3440	20160301
3441	20160302
3442	20160303
3443	20160304
3444	20160307
3445	20160308
3446	20160309
3447	20160310
3448	20160311
3449	20160314
3450	20160315
3451	20160316
3452	20160317
3453	20160318
3454	20160321
3455	20160322
3456	20160323
3457	20160324
3458	20160328
3459	20160329
3460	20160330
3461	20160331
3462	20160401
3463	20160404
3464	20160405
3465	20160406
3466	20160407
3467	20160408
3468	20160411
3469	20160412
3470	20160413
3471	20160414
3472	20160415
3473	20160418
3474	20160419
3475	20160420
3476	20160421
3477	20160422
3478	20160425
3479	20160426
3480	20160427
3481	20160428
3482	20160429
3483	20160502
3484	20160503
3485	20160504
3486	20160505
3487	20160506
3488	20160509
3489	20160510
3490	20160511
3491	20160512
3492	20160513
3493	20160516
3494	20160517
3495	20160518
3496	20160519
3497	20160520
3498	20160523
3499	20160524
3500	20160525
3501	20160526
3502	20160527
3503	20160531
3504	20160601
3505	20160602
3506	20160603
3507	20160606
3508	20160607
3509	20160608
3510	20160609
3511	20160610
3512	20160613
3513	20160614
3514	20160615
3515	20160616
3516	20160617
3517	20160620
3518	20160621
3519	20160622
3520	20160623
3521	20160624
3522	20160627
3523	20160628
3524	20160629
3525	20160630
3526	20160701
3527	20160705
3528	20160706
3529	20160707
3530	20160708
3531	20160711
3532	20160712
3533	20160713
3534	20160714
3535	20160715
3536	20160718
3537	20160719
3538	20160720
3539	20160721
3540	20160722
3541	20160725
3542	20160726
3543	20160727
3544	20160728
3545	20160729
3546	20160801
3547	20160802
3548	20160803
3549	20160804
3550	20160805
3551	20160808
3552	20160809
3553	20160810
3554	20160811
3555	20160812
3556	20160815
3557	20160816
3558	20160817
3559	20160818
3560	20160819
3561	20160822
3562	20160823
3563	20160824
3564	20160825
3565	20160826
3566	20160829
3567	20160830
3568	20160831
3569	20160901
3570	20160902
3571	20160906
3572	20160907
3573	20160908
3574	20160909
3575	20160912
3576	20160913
3577	20160914
3578	20160915
3579	20160916
3580	20160919
3581	20160920
3582	20160921
3583	20160922
3584	20160923
3585	20160926
3586	20160927
3587	20160928
3588	20160929
3589	20160930
3590	20161003
3591	20161004
3592	20161005
3593	20161006
3594	20161007
3595	20161011
3596	20161012
3597	20161013
3598	20161014
3599	20161017
3600	20161018
3601	20161019
3602	20161020
3603	20161021
3604	20161024
3605	20161025
3606	20161026
3607	20161027
3608	20161028
3609	20161031
3610	20161101
3611	20161102
3612	20161103
3613	20161104
3614	20161107
3615	20161108
3616	20161109
3617	20161110
3618	20161114
3619	20161115
3620	20161116
3621	20161117
3622	20161118
3623	20161121
3624	20161122
3625	20161123
3626	20161125
3627	20161128
3628	20161129
3629	20161130
3630	20161201
3631	20161202
3632	20161205
3633	20161206
3634	20161207
3635	20161208
3636	20161209
3637	20161212
3638	20161213
3639	20161214
3640	20161215
3641	20161216
3642	20161219
3643	20161220
3644	20161221
3645	20161222
3646	20161223
3647	20161227
3648	20161228
3649	20161229
3650	20161230
3651	20170103
3652	20170104
3653	20170105
3654	20170106
3655	20170109
3656	20170110
3657	20170111
3658	20170112
3659	20170113
3660	20170117
3661	20170118
3662	20170119
3663	20170120
3664	20170123
3665	20170124
3666	20170125
3667	20170126
3668	20170127
3669	20170130
3670	20170131
3671	20170201
3672	20170202
3673	20170203
3674	20170206
3675	20170207
3676	20170208
3677	20170209
3678	20170210
3679	20170213
3680	20170214
3681	20170215
3682	20170216
3683	20170217
3684	20170221
3685	20170222
3686	20170223
3687	20170224
3688	20170227
3689	20170228
3690	20170301
3691	20170302
3692	20170303
3693	20170306
3694	20170307
3695	20170308
3696	20170309
3697	20170310
3698	20170313
3699	20170314
3700	20170315
3701	20170316
3702	20170317
3703	20170320
3704	20170321
3705	20170322
3706	20170323
3707	20170324
3708	20170327
3709	20170328
3710	20170329
3711	20170330
3712	20170331
3713	20170403
3714	20170404
3715	20170405
3716	20170406
3717	20170407
3718	20170410
3719	20170411
3720	20170412
3721	20170413
3722	20170417
3723	20170418
3724	20170419
3725	20170420
3726	20170421
3727	20170424
3728	20170425
3729	20170426
3730	20170427
3731	20170428
3732	20170501
3733	20170502
3734	20170503
3735	20170504
3736	20170505
3737	20170508
3738	20170509
3739	20170510
3740	20170511
3741	20170512
3742	20170515
3743	20170516
3744	20170517
3745	20170518
3746	20170519
3747	20170522
3748	20170523
3749	20170524
3750	20170525
3751	20170526
3752	20170530
3753	20170531
3754	20170601
3755	20170602
3756	20170605
3757	20170606
3758	20170607
3759	20170608
3760	20170609
3761	20170612
3762	20170613
3763	20170614
3764	20170615
3765	20170616
3766	20170619
3767	20170620
3768	20170621
3769	20170622
3770	20170623
3771	20170626
3772	20170627
3773	20170628
3774	20170629
3775	20170630
3776	20170703
3777	20170705
3778	20170706
3779	20170707
3780	20170710
3781	20170711
3782	20170712
3783	20170713
3784	20170714
3785	20170717
3786	20170718
3787	20170719
3788	20170720
3789	20170721
3790	20170724
3791	20170725
3792	20170726
3793	20170727
3794	20170728
3795	20170731
3796	20170801
3797	20170802
3798	20170803
3799	20170804
3800	20170807
3801	20170808
3802	20170809
3803	20170810
3804	20170811
3805	20170814
3806	20170815
3807	20170816
3808	20170817
3809	20170818
3810	20170821
3811	20170822
3812	20170823
3813	20170824
3814	20170825
3815	20170828
3816	20170829
3817	20170830
3818	20170831
3819	20170901
3820	20170905
3821	20170906
3822	20170907
3823	20170908
3824	20170911
3825	20170912
3826	20170913
3827	20170914
3828	20170915
3829	20170918
3830	20170919
3831	20170920
3832	20170921
3833	20170922
3834	20170925
3835	20170926
3836	20170927
3837	20170928
3838	20170929
3839	20171002
3840	20171003
3841	20171004
3842	20171005
3843	20171006
3844	20171010
3845	20171011
3846	20171012
3847	20171013
3848	20171016
3849	20171017
3850	20171018
3851	20171019
3852	20171020
3853	20171023
3854	20171024
3855	20171025
3856	20171026
3857	20171027
3858	20171030
3859	20171031
3860	20171101
3861	20171102
3862	20171103
3863	20171106
3864	20171107
3865	20171108
3866	20171109
3867	20171110
3868	20171113
3869	20171114
3870	20171115
3871	20171116
3872	20171117
3873	20171120
3874	20171121
3875	20171122
3876	20171124
3877	20171127
3878	20171128
3879	20171129
3880	20171130
3881	20171201
3882	20171204
3883	20171205
3884	20171206
3885	20171207
3886	20171208
3887	20171211
3888	20171212
3889	20171213
3890	20171214
3891	20171215
3892	20171218
3893	20171219
3894	20171220
3895	20171221
3896	20171222
3897	20171226
3898	20171227
3899	20171228
3900	20171229
3901	20180102
3902	20180103
3903	20180104
3904	20180105
3905	20180108
3906	20180109
3907	20180110
3908	20180111
3909	20180112
3910	20180116
3911	20180117
3912	20180118
3913	20180119
3914	20180122
3915	20180123
3916	20180124
3917	20180125
3918	20180126
3919	20180129
3920	20180130
3921	20180131
3922	20180201
3923	20180202
3924	20180205
3925	20180206
3926	20180207
3927	20180208
3928	20180209
3929	20180212
3930	20180213
3931	20180214
3932	20180215
3933	20180216
3934	20180220
3935	20180221
3936	20180222
3937	20180223
3938	20180226
3939	20180227
3940	20180228
3941	20180301
3942	20180302
3943	20180305
3944	20180306
3945	20180307
3946	20180308
3947	20180309
3948	20180312
3949	20180313
3950	20180314
3951	20180315
3952	20180316
3953	20180319
3954	20180320
3955	20180321
3956	20180322
3957	20180323
3958	20180326
3959	20180327
3960	20180328
3961	20180329
3962	20180402
3963	20180403
3964	20180404
3965	20180405
3966	20180406
3967	20180409
3968	20180410
3969	20180411
3970	20180412
3971	20180413
3972	20180416
3973	20180417
3974	20180418
3975	20180419
3976	20180420
3977	20180423
3978	20180424
3979	20180425
3980	20180426
3981	20180427
3982	20180430
3983	20180501
3984	20180502
3985	20180503
3986	20180504
3987	20180507
3988	20180508
3989	20180509
3990	20180510
3991	20180511
3992	20180514
3993	20180515
3994	20180516
3995	20180517
3996	20180518
3997	20180521
3998	20180522
3999	20180523
4000	20180524
4001	20180525
4002	20180529
4003	20180530
4004	20180531
4005	20180601
4006	20180604
4007	20180605
